camera_matrix:
- - 1075.7127105447746
  - 0.0
  - 642.7710386377042
- - 0.0
  - 1074.520446598223
  - 389.8073598923709
- - 0.0
  - 0.0
  - 1.0
dist_coeff:
- - 0.1208657952376603
  - -1.7692179179457226
  - 0.009815407988760272
  - 0.007314810573423675
  - 15.031964896679531
rvecs:
- - - 0.2947750129719073
  - - -0.5689874171236712
  - - 1.544568671109672
- - - 0.5092179119148479
  - - 0.41248307049305954
  - - -0.018368483096085353
- - - 0.19822509624464552
  - - 0.05419963179367499
  - - 0.008739437278176509
- - - -0.400840233288878
  - - -0.6943468694859409
  - - 1.434980720798748
- - - 0.19060346961137276
  - - 0.004348689895774222
  - - 0.00363077748492439
- - - -0.1970614235345472
  - - 0.5007054679618316
  - - 0.13276976805574112
- - - -0.1965430534141474
  - - -0.9636564251608651
  - - 1.516098596646399
- - - -0.18774412591577755
  - - 0.012946084670499096
  - - 1.5412198576116118
- - - 0.1879738714657128
  - - 0.594564072309438
  - - 0.061850168051789466
- - - -0.5497450210069265
  - - -0.285709883628115
  - - 1.4020040014830903
tvecs:
- - - -1.1235770528781135
  - - 5.882411617715886
  - - 41.57180189305317
- - - -10.756733427045225
  - - 5.329400689734411
  - - 43.49869142435175
- - - -9.809996233937648
  - - -0.3414203413054819
  - - 37.565303428145214
- - - -5.323180942797616
  - - -1.940491001236169
  - - 46.119856255279906
- - - -8.5228555212814
  - - -1.6379894133888626
  - - 44.169644320423274
- - - -3.703510517244535
  - - 1.0830354241674305
  - - 47.44417907340854
- - - -0.7322897780909698
  - - 4.796378451200796
  - - 46.357187551229565
- - - -2.4035879553028754
  - - 1.3781768539425305
  - - 47.39302133286612
- - - -2.774596057013645
  - - -1.2602563826747453
  - - 42.60994922858113
- - - -4.477180799602046
  - - 0.9304280207084253
  - - 48.96697604224165
